184.8
184.6
168.2
168.7
137.2
135.7
113.5
113.2
91.7
93.2
78.2
79.7
68
67.7
60.4
57.8
54.3
52.2
49.6
48.3
45.7
43.8
41.9
39.4
37.9
37.1
35.6
33.4
33.8
30.6
32.1
28.5
30.6
27
28.1
25.5
26.4
24.1
25.4
23
24.2
22.3
23.2
21.3
22.2
20.5
21.3
19.5
20.1
18.8
19
18
18.3
16.8
17.3
16.2
16.6
15.3
15.8
14.9
15.2
14.5
14.7
14.3
14.4
14.1
13.8
13.9
13.4
13.6
12.9
12.8
12.8
11.9
12.7
11.5
12.5
11.2
12.5
10.9
12.3
10.8
11.9
10.6
11.4
10.4
11.1
10.3
11.1
10
11
9.8
10.3
9.5
10.1
9.2
9.6
8.9
9.3
8.9
9
8.6
8.6
8.3
8.5
7.9
8.3
7.6
8.3
7.5
8.1
7.4
8
7.3
7.8
7.3
7.5
7.1
7.2
6.9
7
6.8
6.8
6.7
6.8
6.6
6.5
6.5
6.5
6.3
6.5
6.2
6.4
6.2
6.1
6.1
6.1
6.1
6.1
6
6
5.8
5.9
5.7
5.8
5.7
5.4
5.6
5.2
5.4
5.1
5.4
5.1
5.4
5.1
5.4
5
5.3
5
5.1
4.9
4.9
4.8
4.9
4.7
4.6
4.7
4.6
4.7
4.6
4.6
4.6
4.5
4.5
4.5
4.5
4.4
4.4
4.4
4.3
4.4
4.3
4.4
4.3
4.4
4.3
4.1
4.3
4
4.2
4
4.1
4
4.1
4
4.1
4
4.1
4
4
4
4
4
4
4
4
4
3.9
3.9
3.9
3.9
3.9
3.7
3.9
3.7
3.9
3.6
3.9
3.6
3.9
3.6
3.9
3.6
3.9
3.6
3.9
3.6
3.8
3.5
3.8
3.4
3.8
3.4
3.7
3.3
3.7
3.2
3.7
3.2
3.7
3.2
3.7
3.2
3.7
3.2
3.7
3.2
3.5
3.2
3.5
3.2
3.5
3.2
3.5
3.1
3.5
3.1
3.4
3.1
3.3
3.1
3.3
3.1
3.1
3.1
3.1
3.1
3.1
3
3
3
3
2.9
3
2.8
3
2.8
3
2.7
3
2.7
2.9
2.7
2.8
2.7
2.8
2.7
2.8
2.7
2.8
2.7
2.7
2.6
2.7
2.6
2.7
2.5
2.7
2.5
2.7
2.4
2.7
2.4
2.7
2.4
2.7
2.4
2.7
2.4
2.7
2.4
2.7
2.3
2.7
2.3
2.7
2.3
2.7
2.3
2.7
2.3
2.7
2.3
2.7
2.3
2.7
2.3
2.7
2.2
2.7
2.2
2.7
2.1
2.6
2.1
2.6
2.1
2.6
2.1
2.6
2.1
2.6
2.1
2.6
2.1
2.6
2
2.5
2
2.5
2
2.4
2
2.4
2
2.4
2
2.4
2
2.3
2
2.3
2
2.3
2
2.2
2
2.2
2
2.2
1.9
2.2
1.9
2.1
1.9
2.1
1.9
2.1
1.9
2.1
1.8
2.1
1.8
2.1
1.8
2.1
1.8
2.1
1.7
2.1
1.7
2.1
1.7
2.1
1.6
2.1
1.6
2.1
1.6
2.1
1.5
2.1
1.5
2.1
1.5
2.1
1.5
2
1.5
2
1.5
2
1.4
2
1.4
1.9
1.4
1.9
1.4
1.9
1.4
1.9
1.3
1.8
1.3
1.7
1.3
1.7
1.3
1.7
1.3
1.7
1.3
1.7
1.3
1.6
1.3
1.6
1.3
1.6
1.3
1.6
1.3
1.6
1.3
1.6
1.3
1.6
1.3
1.6
1.3
1.6
1.3
1.6
1.2
1.4
1.2
1.3
1.1
1.3
1.1
1.3
1.1
1.3
1.1
1.3
1.1
1.3
1.1
1.3
1.1
1.3
1.1
1.3
1.1
1.3
1.1
1.3
1.1
1.3
1
1.2
1
1.2
1
1.2
1
1.2
1
1.2
1
1.2
1
1.2
1
1.2
0.7
0.8
0.7
0.8
0.7
0.8
0.7
0.8
0.7
0.8
0.7
0.8
0.7
0.8
0.7
0.8
0.7
0.8
0.7
0.8
0.7
0.8
0.7
0.8
0.6
0.7
0.6
0.7
0.6
0.7
0.6
0.7
0.6
0.7
0.6
0.7
0.6
0.7
0.6
0.7
0.6
0.7
0.6
0.7
0.6
0.7
0.6
0.7
0.6
0.7
0.6
0.7
0.6
0.7
0.6
0.7
0.6
0.7
0.6
0.7
0.6
0.7
0.6
0.7
0.6
0.7
0.6
0.7
0.6
0.7
0.6
0.7
0.6
0.7
0.6
0.7
0.6
0.7
0.6
0.7
0.5
0.7
0.5
0.7
0.5
0.7
0.4
0.6
0.4
0.6
0.4
0.6
0.4
0.6
0.4
0.6
0.4
0.6
0.4
0.6
0.4
0.6
0.4
0.6
0.4
0.6
0.4
0.6
0.4
0.6
0.4
0.6
0.4
0.6
0.4
0.6
0.4
0.6
0.4
0.6
0.4
0.6
0.4
0.6
0.4
0.6
0.4
0.6
0.4
0.6
0.4
0.6
0.4
0.6
0.4
0.6
0.4
0.6
0.4
0.6
0.4
0.5
0.4
0.5
0.4
0.5
0.4
0.5
0.4
0.5
0.4
0.5
0.4
0.5
0.4
0.5
0.4
0.5
0.4
0.5
0.4
0.5
0.4
0.5
0.4
0.5
0.4
0.5
0.4
0.5
0.4
0.5
0.4
0.5
0.4
0.5
0.4
0.5
0.4
0.5
0.4
0.5
0.4
0.5
0.4
0.5
0.4
0.5
0.4
0.5
0.4
0.5
0.4
0.5
0.4
0.5
0.4
0.5
0.4
0.5
0.4
0.5
0.4
0.5
0.4
0.5
0.4
0.5
0.4
0.5
0.4
0.5
0.4
0.5
0.4
0.5
0.4
0.5
0.4
0.5
0.4
0.5
0.4
0.5
0.4
0.5
0.4
0.5
0.4
0.5
0.4
0.5
0.4
0.5
0.4
0.5
0.4
0.5
0.4
0.5
0.4
0.5
0.4
0.5
0.4
0.5
0.4
0.5
0.4
0.5
0.4
0.5
0.4
0.5
0.4
0.5
0.4
0.5
0.4
0.5
0.4
0.5
0.4
0.5
0.4
0.5
0.4
0.5
0.4
0.5
0.4
0.5
0.4
0.5
0.4
0.5
0.4
0.5
0.4
0.5
0.4
0.4
0.4
0.4
0.4
0.4
0.4
0.4
0.4
0.4
0.4
0.4
0.4
0.4
0.4
0.4
0.4
0.4
0.4
0.4
0.4
0.4
0.4
0.4
0.4
0.4
0.4
0.4
0.4
0.4
0.4
0.4
0.4
0.4
0.4
0.4
0.4
0.4
0.4
0.4
0.4
0.4
0.4
0.4
0.4
0.4
0.4
0.4
0.4
0.4
0.4
0.4
0.4
0.4
0.4
0.4
0.4
0.4
0.4
0.4
0.4
0.4
0.4
0.4
0.4
0.4
0.4
0.4
0.4
0.4
0.4
0.4
0.4
0.4
0.3
0.3
0.3
0.3
0.3
0.3
0.3
0.3
0.3
0.3
0.3
0.3
0.3
0.3
0.3
0.3
0.2
0.2
0.2
0.2
0.2
0.2
0.2
0.2
0.2
0.2
0.2
0.2
0.2
0.2
0.2
0.2
0.2
0.2
0.2
0.2
0.2
0.2
0.2
0.2
0.2
0.2
0.2
0.2
0.1
0.1
0.1
0.1
0.1
0
